2
100
0.1
0.5079246940028252 0.8998538927159836 
0.6782461952284086 0.8298091956785238 
0.25203707398062963 0.24910310233539162 
0.22786484447947408 0.3013081819662357 
0.487820761459692 0.5802846521548606 
0.8141363724879872 0.8667267434732293 
0.8685871387308665 0.544613522964004 
0.7226824475638196 0.6048205197418531 
0.2624150663652701 0.1660331817739705 
0.1387488990983963 0.12327587533627074 
0.5702760920266963 0.3904262378651239 
0.8520646477254992 0.7698317486311667 
0.22926105958303097 0.08831128827894211 
0.1492162366962253 0.10171518817275493 
0.6114531508867983 0.7194900725038953 
0.1508172465634079 0.13088640107291694 
0.5670002259639366 0.4147785429458608 
0.312299443783142 0.5377882636598654 
0.09203981907083947 0.1237297997101393 
0.3324961239865524 0.12909057980403058 
0.7148661150867874 0.8016425274563644 
0.7595962713004968 0.5744463459518785 
0.10228295450871705 0.3422130379750252 
0.1569922024048077 0.07645578870333328 
0.514383693456335 0.6313984906775113 
0.19622301750047252 0.6919051069628723 
0.6841678559081841 0.5743532753184747 
0.8601168998877434 0.696625108844033 
0.051789314878115646 0.0729292247846057 
0.5892723926110612 0.25461196427000293 
0.7757667598868963 0.8954006734565215 
0.6116373989052911 0.7903172922806075 
0.869659735597639 0.9152397635057159 
0.620196051723841 0.9207711928398764 
0.30196007570943134 0.00041362869787167633 
0.4652572988670994 0.38708674286475725 
0.43339292725618017 0.6971572092232254 
0.2594059290304309 0.33670205872066306 
0.703674264727211 0.6689641884414025 
0.8723165124858813 0.9039788064699477 
0.7483246909944197 0.7483762854178007 
0.30884465216977003 0.027417705374490342 
0.07558814300329547 0.341551310181365 
0.406121099795841 0.31890096924110206 
0.6863597985690062 0.8894501058766621 
0.3147029730194752 0.2861916493517465 
0.1268170769281457 0.3945765976366459 
0.6042553210367799 0.7095692904311007 
0.2980743439211555 0.4614860881886296 
0.8601900397294173 0.9253872227063873 
0.07304255480976515 0.017308325304426136 
0.30666401989259495 0.550508341180594 
0.16363450166805327 0.4574986682413543 
0.6437638739055991 0.3686238002743372 
0.80735548657573 0.941103229573686 
0.3253779681062169 0.34136601734689576 
0.7425783167708888 0.3942192226022298 
0.2582129456108984 0.260924599307269 
0.4220870967741319 0.43502050399977493 
0.23951136032504436 0.0654491721410497 
0.4224083983356567 0.29639220016107254 
0.6062087134675151 0.33696164133401607 
0.40974352426153055 0.36208582807386697 
0.34260423350011127 0.29223758768497776 
0.2552873917618352 0.13797939675369997 
0.38057468778838005 0.7975106971643658 
0.701386068295894 0.5535635974827015 
0.20984275414562026 0.13655949777743084 
0.39304501283209575 0.2783489359148167 
0.5761645179922176 0.628547573019625 
0.06139765416384173 0.043849659466739105 
0.49993836099721445 0.6889489267109074 
0.5083723002395509 0.8024887793047086 
0.5058653620892997 0.4279381161809209 
0.8612078272730247 0.5612072569922621 
0.5220473953010216 0.6499609785021628 
0.788246952191634 0.8748016181449642 
0.44891596033301007 0.06955816854792005 
0.7919970043587822 0.7117375935424758 
0.46485874956828366 0.5057115596094953 
0.3252638236912783 0.3333321753183871 
0.39885461341089107 0.24518995555620338 
0.11631748770575745 0.050209913960748 
0.7827846321159374 0.7253249283283562 
0.7753226377918516 0.5822560473987112 
0.32989528479414004 0.31260965971986315 
0.9013548735624508 0.8071537498331269 
0.38213198493800415 0.3302715465858962 
0.7731301757623981 0.7633817009166681 
0.8640561124428 0.7095995848379979 
0.8040960950277725 0.5823246590913285 
0.5855847435906065 0.3905407178023256 
0.38340310677097245 0.5309113132796244 
0.2799681085765355 0.3448808950412448 
0.11643230610355346 0.29514197059264535 
0.2650703835080038 0.17255026366634207 
0.6981130301549825 0.8184459605999416 
0.5296973304371303 0.25468148617819014 
0.04878760806189762 0.18563620679124856 
0.49668023367634095 0.48344195933887885 
