2
100
0.1
0.20981679064100844 0.7088443644069624 
0.3769248541663629 0.6542160247784715 
0.08620268405769382 0.8847175651220308 
0.31005534716381095 0.5123554014282294 
0.5087306883419782 0.5601955957051468 
0.13178176356574134 0.7977275254188926 
0.23364727149763242 0.7582401268676483 
0.23776007380391667 0.608116252915248 
0.3522420720699551 0.6098359180025175 
0.206280424302407 0.9911074033546536 
0.2951377184640457 0.7812191636608244 
0.1596959780135676 0.8466176911422869 
0.24341881082251798 0.6653393496276336 
0.27945208653083 0.7739470606097899 
0.3933641428219119 0.522307725941507 
0.053433993940306845 0.8070626859808188 
0.1804768892458698 0.787655701741287 
0.5366353809916024 0.5808892454456248 
0.46045300515200227 0.6650698497984858 
0.36481598933619563 0.7873387559214332 
0.277625588843218 0.7677022854918631 
0.4577064881543707 0.475419441879885 
0.3220244912432295 0.5993674167218035 
0.2715189187959348 0.7526233115003846 
0.4836475724016923 0.4843933605646996 
0.09214295844228643 0.8548909039093484 
0.1710784523585719 0.8443895675172771 
0.17067794456629215 0.8245509327923285 
0.17244380752076138 0.6999780967563446 
0.4912071274180545 0.581573070994813 
0.30380232512572636 0.8170231812787331 
0.05697936727582148 0.8806338452295948 
0.023959219105576135 0.9137783795502519 
0.40796897873873905 0.6997874322420738 
0.2603727895314386 0.7947936976793476 
0.06833488711395186 0.9860911957824919 
0.004397090243759616 0.9257800105304581 
0.2021103371193363 0.7966138773725675 
0.3518088697194799 0.4814292433032792 
0.42808962757713354 0.5163022179704568 
0.08653746072476143 0.9803943724014949 
0.3207226813735049 0.537332364765136 
0.5079368764020971 0.6574575920233185 
0.13950582545609058 0.8058084450563785 
0.15764324305883393 0.8560459186994285 
0.008180963613053038 0.9335282680652162 
0.3732638537491426 0.7183254640753198 
0.24728121296948768 0.7640304048061386 
0.412701487087731 0.4861719589484912 
0.1278642353611169 0.7760824461712114 
0.10837374776987146 0.8213043694388691 
0.23947286954837554 0.7935433421239745 
0.4100289580386479 0.6777024036063667 
0.11620411087667504 0.8939026389555674 
0.08870965370283967 0.8672106216774115 
0.30773807283955457 0.7538741523252089 
0.09762691894210962 0.9099021337492089 
0.4586540126212195 0.5692195443303767 
0.19997955371060439 0.8224550274731766 
0.19269608400451 0.784341843030288 
0.09505974710403309 0.9147314947986958 
0.36130106781292715 0.6726098162482304 
0.3508879470669216 0.6658123734565115 
0.41843183234873416 0.6072001488255383 
0.44253273578796415 0.5949505914160266 
0.4709511843205417 0.6560487837932748 
0.3090085728896654 0.6458034539424176 
0.013901573615883123 0.9811354459205199 
0.04485585513512552 0.8850687526260526 
0.13944853678125213 0.8886184571367219 
0.28955816333519113 0.7246698572079038 
0.29642046032737207 0.6552616355501208 
0.44908985431627424 0.5644637008024869 
0.04508590157163417 0.8420952959309492 
0.4721635466097298 0.5743339445467537 
0.2258386819715431 0.9188719328823648 
0.2706155578827631 0.5950207848586939 
0.14645142196240768 0.954109417787797 
0.35560005845024323 0.6612062288298761 
0.4644336772246025 0.6650338178840791 
0.46940164092996717 0.5301387561814569 
0.5026177118193482 0.549623802555032 
0.29785729783503406 0.6082234930777151 
0.1382710938217313 0.75469839401785 
0.19778864032524146 0.7840482328916395 
0.20788532478629546 0.7452665273993984 
0.2513791481903843 0.7116530251964223 
0.33723212136544595 0.6161956054573925 
0.3198822526566779 0.8734741562328866 
0.2618614762336179 0.7653273541235558 
0.2036040812403438 0.8442265101816694 
0.31819505754348937 0.6615210423930953 
0.4561505339556119 0.7281699135471013 
0.1251345085126191 0.9135581873855313 
0.2968287904391387 0.6006510067262703 
0.4488474103764757 0.5476323291241487 
0.0008144426668870719 0.929256921407752 
0.4201529089610918 0.6773980560081034 
0.3880718627133835 0.39702542589637885 
0.4161520514684435 0.634913235586544 
