2
100
0.1
0.9211576667783977 0.19471187112763244 
0.28533244343854447 0.5930358225042738 
0.20245326833400912 0.49085687810717826 
0.45665921728443604 0.44662674626056054 
0.6976291692789798 0.6281915852270232 
0.11191123883039511 0.589692043935462 
0.2518097485741122 0.5571567276030998 
0.09238250771427003 0.9662221703335236 
0.6646269821086744 0.9593287434732876 
0.29348077165039554 0.23067470586033534 
0.8757319958287401 0.14276253465910171 
0.9746442465325448 0.049272180586289904 
0.787852309263816 0.7476903867100271 
0.35138377918266694 0.20587016973880679 
0.11642267010838148 0.4706259220204404 
0.31139192393439274 0.9565946829698404 
0.5790411667530073 0.25430212470779734 
0.2788023792061103 0.21105997315865033 
0.5689048161141543 0.15981661279624593 
0.24801122284653354 0.9365969552455432 
0.9607367320083973 0.9946826956567658 
0.8028789219594173 0.3855032743523451 
0.6401540249665194 0.9183754075241874 
0.4584332469645245 0.16029587014483904 
0.6943470396282505 0.05320341268366857 
0.6034064643875862 0.5460027280603786 
0.05704741297549354 0.6944624377259733 
0.07117082145973341 0.27983638606799355 
0.9843939415581936 0.5096864995323616 
0.19019399229297684 0.8678406191362372 
0.9026870603305156 0.38212210541949887 
0.7712265216093328 0.10157476523545039 
0.042639355175622895 0.21732970920681638 
0.043473709709118236 0.18818348951193398 
0.3967604584681086 0.9668654751988468 
0.39694356303146483 0.33371210408344976 
0.7788259829459091 0.46315589051529293 
0.42265075850269973 0.9260793361628212 
0.5873404574519749 0.7099740860197011 
0.9764236936477609 0.8341347366647278 
0.27412646326894974 0.8181574434931316 
0.6372366278651973 0.9154055608693719 
0.9722856783659475 0.06814450038055042 
0.7065329190664437 0.9973866413040205 
0.6683371334687885 0.8798695572212627 
0.9182550322689322 0.0792502525479386 
0.06434043496848396 0.2876305654888821 
0.646592927117131 0.9848211588630584 
0.285725882602754 0.07712009727737035 
0.2277165560210711 0.757114126712866 
0.3171938164257653 0.6814808558238272 
0.0021876606780278918 0.7519784434788687 
0.6701649377470477 0.1323797516848383 
0.7831126504423501 0.9496799757664904 
0.6181343193348389 0.9700076838773898 
0.2062657822924 0.26706886674014874 
0.996221871122934 0.1771517509036925 
0.5962943393706813 0.6387546833966034 
0.6770322303666038 0.1509028428269994 
0.24632432788512792 0.5278048327002111 
0.03838939533452668 0.42697311418059003 
0.8941004231257633 0.45721857021426904 
0.8975194133133686 0.18311103323557443 
0.0842699047500527 0.37741396231935764 
0.4283917753263604 0.846567178413495 
0.9524347233534824 0.027882921530467675 
0.7772542588380734 0.7555847331089482 
0.7968766800484972 0.4416173567005587 
0.7022856515913078 0.6912328133913287 
0.9699699893192766 0.1597024270640499 
0.4529588930989411 0.9880041281213258 
0.10515006104818303 0.6201372078478613 
0.008280783501236733 0.7228805512830235 
0.8697168666283227 0.7830674183952115 
0.32109040374986064 0.8341949095583323 
0.5670622439016476 0.5997463186894365 
0.021875797254833906 0.25662024344605405 
0.6484668667235947 0.5106692862552185 
0.513086606804729 0.5782455679592197 
0.08908844323808174 0.10161686441148488 
0.0360958512294689 0.9219206009566168 
0.11211157791305038 0.15791842769030506 
0.5071911577523937 0.6277955033908276 
0.28937033240829546 0.9678419727622136 
0.39478746534230513 0.7652947161618455 
0.17292176597514142 0.5968240871228562 
0.11627445102079059 0.0009956637777889243 
0.8841443656133382 0.3137319852559174 
0.3241965889543986 0.6477965397239778 
0.20917714410287647 0.8390491539352943 
0.3531613651332526 0.5122845998332649 
0.5637609369753394 0.7854831769765049 
0.5453410228954885 0.7710356664149827 
0.5426100706731324 0.5974021926794277 
0.7785271982570796 0.2890534395132123 
0.46731882866661845 0.9493369828398568 
0.9186782947809746 0.3283214305234342 
0.5547831922363874 0.09290880674438495 
0.02751694170543284 0.18491132821653578 
0.6521730168943652 0.8480866461733548 
